export const CM = {"ADRO":[[0.34108527131782945,0.6589147286821705,0],[0.3853503184713376,0.6146496815286624,0],[0.3829787234042553,0.6170212765957447,0]],"AKRA":[[0.44274809160305345,0.5190839694656488,0.03816793893129771],[0.3670886075949367,0.5537974683544303,0.07911392405063292],[0.16058394160583941,0.656934306569343,0.18248175182481752]],"BUMI":[[0.1652892561983471,0.8264462809917356,0.008264462809917356],[0.20364741641337386,0.7811550151975684,0.015197568389057751],[0.3283582089552239,0.6194029850746269,0.05223880597014925]],"BYAN":[[0,0.10752688172043011,0.8924731182795699],[0,0.01015228426395939,0.9898477157360406],[0,0.05154639175257732,0.9484536082474226]],"DEWA":[[0.625,0.09375,0.28125],[0.5035799522673031,0.057279236276849645,0.43914081145584727],[0.4606741573033708,0.1797752808988764,0.3595505617977528]],"DSSA":[[0.37142857142857144,0.37142857142857144,0.2571428571428571],[0.5758928571428571,0.19196428571428573,0.23214285714285715],[0.5023041474654378,0.271889400921659,0.22580645161290322]],"ENRG":[[0.711864406779661,0.11016949152542373,0.17796610169491525],[0.7867867867867868,0.006006006006006006,0.2072072072072072],[0.631578947368421,0.03007518796992481,0.3383458646616541]],"GEMS":[[0,0.8181818181818182,0.18181818181818182],[0.006607929515418502,0.73568281938326,0.2577092511013216],[0.013333333333333334,0.64,0.3466666666666667]],"ITMG":[[0.8902439024390244,0.04878048780487805,0.06097560975609756],[0.856140350877193,0.014035087719298246,0.12982456140350876],[0.8518518518518519,0.05185185185185185,0.0962962962962963]],"MEDC":[[0.01652892561983471,0.5619834710743802,0.4214876033057851],[0.043478260869565216,0.40372670807453415,0.5527950310559007],[0.02127659574468085,0.5815602836879432,0.3971631205673759]],"PGAS":[[0.07142857142857142,0.29591836734693877,0.6326530612244898],[0.05764411027568922,0.18045112781954886,0.7619047619047619],[0.06896551724137931,0.20689655172413793,0.7241379310344828]],"PTBA":[[0.4318181818181818,0.32575757575757575,0.24242424242424243],[0.23934426229508196,0.4065573770491803,0.3540983606557377],[0.3401360544217687,0.3741496598639456,0.2857142857142857]],"PTRO":[[0.7837837837837838,0.0945945945945946,0.12162162162162163],[0.812987012987013,0.033766233766233764,0.15324675324675324],[0.728,0.144,0.128]],"RAJA":[[0.22641509433962265,0.11320754716981132,0.660377358490566],[0.30094043887147337,0.034482758620689655,0.664576802507837],[0.22012578616352202,0.09433962264150944,0.6855345911949685]]};
